---------相机内参数矩阵---------
[380.9322857506708, 0, 483.4688493649762;
 0, 381.0436962409622, 281.4845277006582;
 0, 0, 1]

---------畸变系数---------
[-0.0478061289311178, 0.06120681987314094, -0.003719645783471179, -0.003680303709004451, -0.02583418282527369]


第1幅图像的旋转向量：
[-2.955773471860028;
 -0.3450132238288027;
 0.3018842670930793]
第1幅图像的旋转矩阵：
[0.9532835097873317, 0.2115482609812165, -0.2156336783607083;
 0.2418084127007277, -0.9622404157558339, 0.1249882947847298;
 -0.1810503839120504, -0.171291317823943, -0.9684420699884098]
第1幅图像的平移向量：
[-16.45309867807589;
 14.26466551201912;
 111.6558645077381]

第2幅图像的旋转向量：
[0.1051091197775418;
 2.804532920498992;
 -0.05239875574058613]
第2幅图像的旋转矩阵：
[-0.9418146324993592, 0.07888069910646987, 0.3267461297683136;
 0.06662032372835582, 0.9965958289619151, -0.04856424777594034;
 -0.3294646118726959, -0.02397058622955266, -0.9438635921145521]
第2幅图像的平移向量：
[31.72879220723856;
 -20.8920743747943;
 89.8549241660031]

第3幅图像的旋转向量：
[2.875137891430282;
 0.1226648915038567;
 -0.2642582485735688]
第3幅图像的旋转矩阵：
[0.9799931646449466, 0.1059065784768665, -0.1685146696418641;
 0.06035297038178335, -0.9649359192617948, -0.2554529128518416;
 -0.1896600016220575, 0.2401717476176545, -0.952022381790997]
第3幅图像的平移向量：
[-39.25457754323516;
 12.11031415475876;
 90.59466502845518]

第4幅图像的旋转向量：
[-2.922869243283422;
 -0.1292903361853538;
 -0.115354548368323]
第4幅图像的旋转矩阵：
[0.9930757275234697, 0.09550768059766505, 0.06840235632334016;
 0.07880556440503046, -0.9734205087664438, 0.2150399872853471;
 0.08712222691446422, -0.208160505523339, -0.9742068166040169]
第4幅图像的平移向量：
[-59.19235140641161;
 17.3422888398254;
 77.72926086102503]

第5幅图像的旋转向量：
[0.01388933465727375;
 2.923626150687099;
 0.2894625247998626]
第5幅图像的旋转矩阵：
[-0.9792928833232966, -0.01061341088407192, 0.2021702356474613;
 0.02923699141157658, 0.9807419033674057, 0.1931075278503618;
 -0.2003263512510113, 0.1950196771833158, -0.9601232621417792]
第5幅图像的平移向量：
[14.097517630725;
 -14.29940392344753;
 86.56057542274149]

第6幅图像的旋转向量：
[-2.811120657972003;
 -0.2285456151809566;
 -0.42254139656775]
第6幅图像的旋转矩阵：
[0.9444336418971202, 0.1970230234312833, 0.263110289215261;
 0.1123673597701165, -0.945746904863508, 0.3048546676686908;
 0.3088991299943001, -0.2583499955082073, -0.9153341506300712]
第6幅图像的平移向量：
[-39.61444548556207;
 10.10056898565398;
 88.32875856755849]

第7幅图像的旋转向量：
[3.121585065863688;
 0.06370730622134443;
 -0.2860255560399533]
第7幅图像的旋转矩阵：
[0.9825296089649999, 0.0410335664070556, -0.1815263450163719;
 0.03988709441980585, -0.9991545176286845, -0.009963413116819229;
 -0.1817817020655012, 0.002548789930274865, -0.9833356072389836]
第7幅图像的平移向量：
[-86.59937124016699;
 21.03972330113323;
 99.66428363210215]

第8幅图像的旋转向量：
[0.2880283847042236;
 2.8385391590959;
 0.09766002710859545]
第8幅图像的旋转矩阵：
[-0.9392090437085481, 0.1868626571873748, 0.2880429127143183;
 0.2062176162030078, 0.9777642068478988, 0.03809790774634667;
 -0.274518973813512, 0.09518142232586047, -0.956859357408602]
第8幅图像的平移向量：
[14.16390826175547;
 -24.95261407320493;
 91.99944433553539]

第9幅图像的旋转向量：
[3.032843801355498;
 0.02022461564394916;
 -0.2566287109071568]
第9幅图像的旋转矩阵：
[0.9857284241777177, 0.0214463572245877, -0.1669716369025225;
 0.004973640176097749, -0.9951290500455636, -0.09845525206312201;
 -0.1682698329217426, 0.09621968362663412, -0.9810336568188063]
第9幅图像的平移向量：
[-88.41591189384437;
 23.8710821327454;
 91.1062743922114]

第10幅图像的旋转向量：
[-2.995008959984263;
 -0.1391234331482168;
 -0.3006293101913371]
第10幅图像的旋转矩阵：
[0.975928529447045, 0.104170616085345, 0.1916037268837114;
 0.07863626701190901, -0.9875324268996037, 0.1363673103504301;
 0.2034203601455861, -0.1180177468272396, -0.9719526575466839]
第10幅图像的平移向量：
[-18.84810991787446;
 21.50224153239192;
 89.20147843511107]


